  5.688478168111106E+00 -1.516272386904605E-03  4.730744245277831E+00
  7.298657584443268E+00 -6.883311893594622E-03  4.722159365537528E+00
  5.693279292051643E+00  1.482643594336748E+00  4.688060194746773E+00
  4.106709447796942E+00  3.312179953037963E-03  4.646477530160335E+00
  5.683376970700593E+00 -1.473391755307487E+00  4.661110708248030E+00
  8.892435020248653E+00 -1.276425894533664E-02  4.594922074347502E+00
  7.938516667235906E+00  2.072363074823434E+00  4.542260170500569E+00
  5.697470362927242E+00  2.914434595028071E+00  4.501694929052611E+00
  3.472396392410401E+00  2.067101093729578E+00  4.511756206290485E+00
  2.572667032921002E+00  7.608197410211272E-03  4.483986497165897E+00
  3.479111935702845E+00 -2.038745305603240E+00  4.489273201374923E+00
  5.678152207283795E+00 -2.905196133221004E+00  4.506900718490799E+00
  7.923515618956540E+00 -2.090816405937918E+00  4.559678013425775E+00
  1.038535039731577E+01 -1.900554742008066E-02  4.322760889260933E+00
  9.739202697040957E+00  2.150211856192185E+00  4.288608521199158E+00
  7.986179394674015E+00  3.664639478409122E+00  4.196439875012599E+00
  5.700869469003371E+00  4.226130166687284E+00  4.185845847159860E+00
  3.393225172234404E+00  3.710560162662257E+00  4.245771578204997E+00
  1.691665372457586E+00  2.154037156316764E+00  4.267336585732639E+00
  1.093976197953587E+00  1.139094598235949E-02  4.252540940246760E+00
  1.709981884000626E+00 -2.117756891096823E+00  4.252483253556410E+00
  3.370711444556720E+00 -3.699599990549626E+00  4.277487522506123E+00
  5.672878411496075E+00 -4.265625607731390E+00  4.258406314597297E+00
  7.990530336976263E+00 -3.733642904898674E+00  4.285467025503919E+00
  9.728898265830303E+00 -2.186278276758565E+00  4.313715284256274E+00
  1.169586972265034E+01 -2.527637849437112E-02  3.918438181238925E+00
  1.125162011029303E+01  2.112894985188233E+00  3.914000679909905E+00
  9.905453945410324E+00  3.884296826232176E+00  3.864767578594464E+00
  7.926365449744861E+00  4.969864133265503E+00  3.774522860815432E+00
  5.703593160931707E+00  5.405749401389300E+00  3.792029669375973E+00
  3.426480461797245E+00  5.101955793764371E+00  3.878226750932131E+00
  1.450302180234934E+00  3.951724409562636E+00  3.929950686733579E+00
  1.048008863723496E-01  2.161544176082852E+00  3.969357183690033E+00
 -3.108100711291826E-01  1.457081035393083E-02  3.946241590764768E+00
  1.943248176191822E-01 -2.095575137437375E+00  3.914617848827563E+00
  1.436540769140050E+00 -3.922785577106091E+00  3.956023627575969E+00
  3.383129876701925E+00 -5.119222516335631E+00  3.943884615321520E+00
  5.667710514307678E+00 -5.491366041567344E+00  3.897370198438129E+00
  7.949853396474648E+00 -5.122985704998040E+00  3.921079923968363E+00
  9.904694984063273E+00 -3.946491083617895E+00  3.925788496849268E+00
  1.121632408927322E+01 -2.152281340185590E+00  3.919254612420920E+00
  1.282509549886674E+01 -3.130337209938081E-02  3.439807210140566E+00
  1.250112212649840E+01  2.023161164646489E+00  3.440677825360610E+00
  1.151453511366766E+01  3.895179433142931E+00  3.449516869160451E+00
  9.859610456976032E+00  5.288860980961260E+00  3.390228426257857E+00
  7.845979526853243E+00  6.101080077075397E+00  3.321737572895039E+00
  5.705847408065377E+00  6.481326114233528E+00  3.357424411618930E+00
  3.490792587410680E+00  6.325511469211257E+00  3.451081201388660E+00
  1.433004884409338E+00  5.460730550392087E+00  3.509425260698329E+00
 -2.424625332757586E-01  4.018030553241967E+00  3.560308258769151E+00
 -1.334238936259427E+00  2.134953763207659E+00  3.594752488824858E+00
 -1.575188753378863E+00  1.681964682045456E-02  3.542497764103469E+00
 -1.093599192044961E+00 -2.026911289921594E+00  3.481638036305124E+00
 -1.177713917343646E-01 -3.891809274524070E+00  3.505498319886983E+00
  1.421492512222654E+00 -5.415792168452724E+00  3.540832854450825E+00
  3.459736211926962E+00 -6.295272481474819E+00  3.494322162612773E+00
  5.662844228629218E+00 -6.541372743036420E+00  3.443348964561643E+00
  7.866591188287295E+00 -6.306431286175830E+00  3.478978661487098E+00
  9.885388298405704E+00 -5.409848680175423E+00  3.492513753953617E+00
  1.143060197202681E+01 -3.909621821470344E+00  3.451667420565209E+00
  1.245309391541804E+01 -2.073068483719200E+00  3.442528274043059E+00
  1.384065769762091E+01 -3.707788840699247E-02  2.935388386714017E+00
  1.355561251565715E+01  1.919842586324364E+00  2.921713096718761E+00
  1.280837090861889E+01  3.777343193424371E+00  2.940836472466331E+00
  1.151621151082838E+01  5.367395084487197E+00  2.941255942585787E+00
  9.735812741287786E+00  6.456392494127424E+00  2.881759159981810E+00
  7.761549560185539E+00  7.100665637602585E+00  2.839395113259731E+00
  5.707642953364553E+00  7.455552155315078E+00  2.882623188257354E+00
  3.568555881534411E+00  7.406003709791235E+00  2.970990359544654E+00
  1.511020863127975E+00  6.746634660830853E+00  3.026458088273268E+00
 -2.825444162415360E-01  5.563969454590050E+00  3.064970667745011E+00
 -1.719196613438431E+00  3.988706154119240E+00  3.113942473288010E+00
 -2.541667300938023E+00  2.064964611983409E+00  3.110522795553699E+00
 -2.608209401204458E+00  1.780605735340489E-02  3.034926466659212E+00
 -2.156380506232063E+00 -1.931779743510118E+00  2.975341703226266E+00
 -1.352035028681839E+00 -3.749354614922248E+00  2.981474743066318E+00
 -1.281771532887642E-01 -5.367103378004699E+00  3.016700565378268E+00
  1.545148563760647E+00 -6.612272911666346E+00  3.031999532268586E+00
  3.555829978919037E+00 -7.286945726532010E+00  2.989637369388314E+00
  5.658301146816322E+00 -7.453723777302860E+00  2.945138278524503E+00
  7.767511475689648E+00 -7.319894037833035E+00  2.984799594747146E+00
  9.810507446237935E+00 -6.692985871803290E+00  3.031783975478230E+00
  1.148144602820533E+01 -5.426621884999183E+00  2.993430576614600E+00
  1.270314702473337E+01 -3.801368233407723E+00  2.943107661953085E+00
  1.354274711499496E+01 -1.992129277474576E+00  2.940473107786139E+00
  1.475930213885823E+01 -4.265871587652025E-02  2.404471891775769E+00
  1.448474564429502E+01  1.821548671859134E+00  2.381435460325470E+00
  1.385589182136868E+01  3.608174833882897E+00  2.384757058160334E+00
  1.285857289870628E+01  5.262314063487051E+00  2.406785140125931E+00
  1.138001813101977E+01  6.574559993077441E+00  2.390543435475569E+00
  9.573323280154847E+00  7.426938245409592E+00  2.339373641931358E+00
  7.669022267882545E+00  7.955448442933969E+00  2.315475595788883E+00
  5.708824696522839E+00  8.291701212008665E+00  2.356723785532335E+00
  3.663728082670588E+00  8.310544358899548E+00  2.429703166917114E+00
  1.665214993957660E+00  7.790723075028850E+00  2.472561830068548E+00
 -1.349116651637579E-01  6.802157632933898E+00  2.496199727013374E+00
 -1.724084045954515E+00  5.506997788651925E+00  2.543132403192476E+00
 -2.930094381063296E+00  3.871244469667023E+00  2.575789334641800E+00
 -3.464185271060294E+00  1.956886644389828E+00  2.535698431344660E+00
 -3.390339177249132E+00  1.763000527176166E-02  2.457896181670657E+00
 -3.008234181828934E+00 -1.823142712186817E+00  2.420160546919282E+00
 -2.365390892047865E+00 -3.576838176688617E+00  2.429664123891701E+00
 -1.331826290833188E+00 -5.166954573439384E+00  2.442436103272489E+00
  4.656221368738243E-02 -6.526002879394569E+00  2.459744049912219E+00
  1.711292601922757E+00 -7.601595311094306E+00  2.484399104808663E+00
  3.642806858357360E+00 -8.184679805630173E+00  2.466871232954494E+00
  5.653942648715993E+00 -8.294575751308965E+00  2.429481107146708E+00
  7.667582196211956E+00 -8.204725138865587E+00  2.456717938272888E+00
  9.700220770014875E+00 -7.819174712219712E+00  2.523978516062732E+00
  1.151143669409709E+01 -6.841716171809976E+00  2.531659362700371E+00
  1.286592879577193E+01 -5.366173676772213E+00  2.472481542774160E+00
  1.384026558074439E+01 -3.691276419243688E+00  2.422280086152343E+00
  1.452141732421881E+01 -1.915617790853097E+00  2.412995280295043E+00
  1.549683098719299E+01 -4.787550954397608E-02  1.824471421866624E+00
  1.526355280855270E+01  1.720905845266454E+00  1.806680112885939E+00
  1.472845831295837E+01  3.428564556027223E+00  1.803319887221404E+00
  1.393938117061760E+01  5.068559342538132E+00  1.823589216203223E+00
  1.275606753830573E+01  6.508205219678976E+00  1.832686436230946E+00
  1.117086929646895E+01  7.558197150638101E+00  1.805524027936795E+00
  9.388025618827035E+00  8.219655082432373E+00  1.764963907884277E+00
  7.567886337463625E+00  8.654375956497798E+00  1.751432415775346E+00
  5.709308679194190E+00  8.961371486067428E+00  1.783152226114652E+00
  3.777945990903279E+00  9.003031923997458E+00  1.833387231710181E+00
  1.887221691285493E+00  8.557978934831025E+00  1.857565486048674E+00
  1.653531936836641E-01  7.697450365389393E+00  1.864402565699943E+00
 -1.444234981962156E+00  6.640350861759742E+00  1.900638838467765E+00
 -2.907118125341602E+00  5.349447728884616E+00  1.958714066736420E+00
 -3.890795259736878E+00  3.700750680765252E+00  1.974221269978519E+00
 -4.179848869135027E+00  1.838879715223291E+00  1.922739819642036E+00
 -4.000099518738934E+00  1.676858424222603E-02  1.856801914662520E+00
 -3.669410080114384E+00 -1.709185313125494E+00  1.834063745774961E+00
 -3.179607868379828E+00 -3.387180192564806E+00  1.850480618600909E+00
 -2.312105568269336E+00 -4.934283074825881E+00  1.858139613801425E+00
 -1.087135396201407E+00 -6.253432109310610E+00  1.850626565626730E+00
  3.040521425374140E-01 -7.429416598144700E+00  1.869824766517562E+00
  1.890891188850516E+00 -8.428838793302583E+00  1.908119712018604E+00
  3.728917332166476E+00 -8.971858458452372E+00  1.908954911197907E+00
  5.649764279845161E+00 -9.052188017504690E+00  1.882058133920012E+00
  7.566623219422428E+00 -8.962864571322978E+00  1.892531475981566E+00
  9.530314884497693E+00 -8.718794897914632E+00  1.946550219712561E+00
  1.142603319787509E+01 -8.051138730187880E+00  1.987097111418014E+00
  1.299218221508851E+01 -6.845750316039457E+00  1.973148157866330E+00
  1.409311801556593E+01 -5.270532643609732E+00  1.916648663716069E+00
  1.482528414531487E+01 -3.565559151396357E+00  1.861794241932787E+00
  1.531838981430682E+01 -1.827603774642006E+00  1.836722035694609E+00
  1.596967401415527E+01 -5.243976303030462E-02  1.197910597709650E+00
  1.580875014202404E+01  1.604971871917533E+00  1.189200848469490E+00
  1.540892549096152E+01  3.232681024405542E+00  1.190480032393211E+00
  1.480567251777977E+01  4.833516185212569E+00  1.206921496814252E+00
  1.388025108420489E+01  6.325475173492286E+00  1.222541069681958E+00
  1.254319552674378E+01  7.524269986094387E+00  1.216078931979848E+00
  1.091544146710603E+01  8.338705531345877E+00  1.189301912639989E+00
  9.190885522344827E+00  8.852587091052982E+00  1.162717350902445E+00
  7.462553048150465E+00  9.208655799773684E+00  1.155832699773460E+00
  5.709119662469239E+00  9.460927952667756E+00  1.174045998641583E+00
  3.906815505302457E+00  9.473779745860941E+00  1.200205536941370E+00
  2.152757061508988E+00  9.057911452565156E+00  1.209397153506667E+00
  5.528771057518542E-01  8.280507289610695E+00  1.206729722978002E+00
 -9.724300135926405E-01  7.385904720542053E+00  1.225622135390984E+00
 -2.514115526613573E+00  6.404879448231144E+00  1.277424995444176E+00
 -3.865775689100770E+00  5.136515909755468E+00  1.327584073591040E+00
 -4.651785129750595E+00  3.509532965786589E+00  1.333389314129839E+00
 -3.733988933025849E+00 -3.162603279904901E+00  1.236790990994991E+00
 -3.052140141221013E+00 -4.658497745774341E+00  1.249144771649898E+00
 -1.993676567650304E+00 -5.951294011937009E+00  1.242797805225809E+00
 -7.308121305395641E-01 -7.058926041634657E+00  1.237323495329325E+00
  6.079087411313058E-01 -8.107530594495397E+00  1.257407121658077E+00
  2.117841433244164E+00 -9.007389862336911E+00  1.286693812177039E+00
  3.841534764474616E+00 -9.511286863936684E+00  1.292923969592719E+00
  5.646047028401044E+00 -9.623347427305127E+00  1.282471993479693E+00
  7.456104912858756E+00 -9.548987104943807E+00  1.285609547588632E+00
  9.293178946346121E+00 -9.326273354257649E+00  1.308853130267988E+00
  1.111998665008412E+01 -8.829951811024960E+00  1.336315729573634E+00
  1.281449213779743E+01 -7.963047628319760E+00  1.352242031269479E+00
  1.419147252766525E+01 -6.692499350316933E+00  1.341856905246986E+00
  1.509139351385757E+01 -5.101731808285858E+00  1.299710602703841E+00
  1.558224667410517E+01 -3.400148421899944E+00  1.247734631357504E+00
  1.586499653325079E+01 -1.719939169658082E+00  1.213489964561422E+00
  1.619785418287135E+01 -5.628903520096554E-02  5.516604660605655E-01
  1.609832760454322E+01  1.475244943564515E+00  5.461989336682675E-01
  1.585248584521151E+01  3.010430491919893E+00  5.483714588089037E-01
  1.543994590878395E+01  4.556068958960776E+00  5.577217205617888E-01
  1.474549308714926E+01  6.050229147998704E+00  5.677270388359514E-01
  1.365242521664803E+01  7.332048684605846E+00  5.686439396794745E-01
  1.221562743202370E+01  8.275185333483060E+00  5.582676396994549E-01
  1.061294134320333E+01  8.900583711128778E+00  5.435926073735217E-01
  8.978566087910732E+00  9.312527671125380E+00  5.329652613463631E-01
  7.350323501632730E+00  9.597953676733665E+00  5.312078851135913E-01
  5.708201253702915E+00  9.765362482735435E+00  5.381989120761037E-01
  4.048130219940216E+00  9.709825018965013E+00  5.475160327143798E-01
  2.443385364539366E+00  9.309833823852104E+00  5.512151652687302E-01
  9.679445039080140E-01  8.620884145728891E+00  5.511754747414664E-01
 -4.391067925612490E-01  7.842747610402665E+00  5.600864418977600E-01
 -1.896897507404260E+00  7.053208291522457E+00  5.864529725887785E-01
 -3.349830105578354E+00  6.108046135902838E+00  6.223984439106327E-01
 -4.516425433331530E+00  4.839841565313974E+00  6.489767818002306E-01
 -4.011905647606186E+00 -2.907481783312375E+00  6.056636865901978E-01
 -3.471841394471121E+00 -4.309717715139371E+00  6.152984585616555E-01
 -2.657143424605577E+00 -5.599660823483663E+00  6.206107342535607E-01
 -1.562887974224998E+00 -6.694439712069429E+00  6.181084540316808E-01
 -3.325526228216638E-01 -7.643667379937988E+00  6.172465601571450E-01
  9.749944408228410E-01 -8.516259741158349E+00  6.244030509530363E-01
  2.412918432792106E+00 -9.242624109213835E+00  6.338051028313886E-01
  3.989080453512491E+00 -9.711007107166299E+00  6.384536325661720E-01
  5.643089867607643E+00 -9.926878380751084E+00  6.403740498369564E-01
  7.333090251349312E+00 -9.928739924526536E+00  6.431610822704523E-01
  9.021169395657948E+00 -9.678045544907608E+00  6.445471730730022E-01
  1.065861522126135E+01 -9.167927218398237E+00  6.440701099154758E-01
  1.224913019787084E+01 -8.474564848701389E+00  6.475006981007099E-01
  1.377436093213050E+01 -7.586530387743769E+00  6.544523182322186E-01
  1.503261610651056E+01 -6.374849405200268E+00  6.511688008788217E-01
  1.578466515295758E+01 -4.842045199040006E+00  6.275138924337099E-01
  1.608209501633220E+01 -3.196709968489663E+00  5.935040806906022E-01
  1.617925945484867E+01 -1.600776479577131E+00  5.663224097292673E-01
  1.625005528844228E+01 -5.956127438054561E-02 -9.564355718038664E-02
  1.618610735073592E+01  1.342673836825724E+00 -1.021488258484889E-01
  1.606537669876680E+01  2.770103442666921E+00 -1.086012452518207E-01
  1.582458426363952E+01  4.237839680020593E+00 -1.148799695142960E-01
  1.533586624221565E+01  5.694579645102640E+00 -1.203497582933661E-01
  1.446842410175447E+01  6.999613715544625E+00 -1.239392013919122E-01
  1.322999586405203E+01  8.014480007257719E+00 -1.250102876376702E-01
  1.177329522500054E+01  8.721209279205604E+00 -1.239430650810512E-01
  1.025208988967799E+01  9.201603195470543E+00 -1.215975374544589E-01
  8.733000929328787E+00  9.533968960852345E+00 -1.185511367355902E-01
  7.220789505067142E+00  9.746470590282952E+00 -1.149529661026826E-01
  5.706412060612077E+00  9.819593244444302E+00 -1.106821860632703E-01
  4.201030031164341E+00  9.694209194209982E+00 -1.054903160096175E-01
  2.750454059394329E+00  9.322430531471102E+00 -9.928829371225877E-02
  1.392632362365143E+00  8.748452921268198E+00 -9.240307690044411E-02
  9.365874262939847E-02  8.090738302940597E+00 -8.529727407482202E-02
 -1.222033446204385E+00  7.410181363130294E+00 -7.803131634037147E-02
 -2.551907113130092E+00  6.635157098953445E+00 -7.027069492786941E-02
 -3.758413369195832E+00  5.643455269952027E+00 -6.185109217745774E-02
 -4.663757081802507E+00  4.397278427037901E+00 -5.313433055739197E-02
 -4.114917295137190E+00 -2.656857993556439E+00 -2.110166244109689E-02
 -3.628409380857414E+00 -3.930418705364395E+00 -1.650042496035944E-02
 -3.023237529055918E+00 -5.172284832857112E+00 -1.241266476789517E-02
 -2.177136839012153E+00 -6.294843087388029E+00 -9.630044246801070E-03
 -1.099522903343803E+00 -7.230548589945019E+00 -8.446590427496715E-03
  1.125431618328707E-01 -7.998457769227971E+00 -8.475123155992630E-03
  1.395472828911815E+00 -8.646179087335581E+00 -9.294151635848839E-03
  2.739321832972846E+00 -9.193441389964798E+00 -1.077906582288594E-02
  4.150235470969360E+00 -9.648017046905052E+00 -1.291147520577576E-02
  5.640884642807359E+00 -9.991195264876408E+00 -1.581944385982649E-02
  7.202955314988651E+00 -1.011444806816849E+01 -1.999619100675861E-02
  8.755225133692832E+00 -9.876371459364023E+00 -2.586959430073919E-02
  1.019938066465779E+01 -9.297931695335752E+00 -3.303952709195494E-02
  1.155923818037016E+01 -8.583426684134565E+00 -4.060244365782141E-02
  1.294844001537245E+01 -7.867321170616410E+00 -4.826253400751954E-02
  1.434494766198738E+01 -7.044552562798395E+00 -5.645458681774231E-02
  1.548673890175589E+01 -5.921023520376903E+00 -6.530666794677248E-02
  1.612188567339348E+01 -4.493361103976154E+00 -7.406629191832628E-02
  1.630665163333346E+01 -2.959709055457038E+00 -8.195831286188035E-02
  1.629485130816395E+01 -1.477487665478874E+00 -8.900487990499195E-02
  1.613304452955758E+01 -6.225343075085975E-02 -7.386900468188122E-01
  1.609878369973465E+01  1.469678601140392E+00 -7.514777137829355E-01
  1.603915374618130E+01  3.060905624741399E+00 -7.797035594054981E-01
  1.580398172215509E+01  4.722134406188024E+00 -8.154584639749766E-01
  1.515177981668339E+01  6.318357109554440E+00 -8.418883139498454E-01
  1.395494552589119E+01  7.608157561629827E+00 -8.435690159022902E-01
  1.237365598934418E+01  8.474409349494607E+00 -8.229286207260641E-01
  1.067723639257334E+01  9.017756211152454E+00 -7.960779562198974E-01
  8.999758969655185E+00  9.377446675045872E+00 -7.747896105582828E-01
  7.346199569449991E+00  9.590731673675037E+00 -7.603667801911961E-01
  5.703808967537633E+00  9.619247641326316E+00 -7.490681977636645E-01
  4.092447379557807E+00  9.415284249409721E+00 -7.370994196300967E-01
  2.552797040179974E+00  8.976655191290734E+00 -7.237731026455475E-01
  1.094991985485116E+00  8.374529849106127E+00 -7.135383021007163E-01
 -3.203985659819878E-01  7.679012147943564E+00 -7.117587830104090E-01
 -1.695548560766192E+00  6.855163805862213E+00 -7.167389412218118E-01
 -2.924332951291966E+00  5.809903989747609E+00 -7.201746475928207E-01
 -3.891450261810058E+00  4.533268893609290E+00 -7.173179815018026E-01
 -3.969598933965334E+00 -2.899710005994974E+00 -6.432865901859595E-01
 -3.389313079262556E+00 -4.275231376287495E+00 -6.400952805096486E-01
 -2.667074069914901E+00 -5.609768402885793E+00 -6.439679938600233E-01
 -1.647927048780823E+00 -6.775314757037733E+00 -6.436919401452521E-01
 -3.494264840571736E-01 -7.666212288617577E+00 -6.360723755051363E-01
  1.085804281931804E+00 -8.315093554547536E+00 -6.275303560818067E-01
  2.551435444065066E+00 -8.846323458699615E+00 -6.271493843290366E-01
  4.044333586141827E+00 -9.377301752934562E+00 -6.416390407812367E-01
  5.639243028017763E+00 -9.887869652930886E+00 -6.698156629054464E-01
  7.359245036251257E+00 -1.011597294087767E+01 -6.970345983477881E-01
  9.045832638471847E+00 -9.767580876616732E+00 -7.052349371094671E-01
  1.052835688264519E+01 -8.942728321821249E+00 -6.976761166592320E-01
  1.190052625900267E+01 -8.037947871931511E+00 -6.987776783103239E-01
  1.335468078192370E+01 -7.204968487886062E+00 -7.229926493934867E-01
  1.478062590138079E+01 -6.213366272830724E+00 -7.558036392420853E-01
  1.577601769402870E+01 -4.846632016679794E+00 -7.699052648845275E-01
  1.616254672760795E+01 -3.228983575599348E+00 -7.593518921398141E-01
  1.618534575520578E+01 -1.608549523954419E+00 -7.430580583922302E-01
  1.579731703401938E+01 -6.414826160269202E-02 -1.366306830313882E+00
  1.582641688817070E+01  1.596708762464212E+00 -1.396975125897442E+00
  1.581180987238051E+01  3.357299139700961E+00 -1.464796229132860E+00
  1.550657536811726E+01  5.197395742251738E+00 -1.542725741400452E+00
  1.456966581839890E+01  6.851888259489979E+00 -1.579153585767059E+00
  1.297843690920187E+01  7.998495850304163E+00 -1.547198301244583E+00
  1.110213258149420E+01  8.636820405782627E+00 -1.478977002922825E+00
  9.247343031858371E+00  9.002699905750090E+00 -1.420420681741618E+00
  7.459895550006727E+00  9.222861786073874E+00 -1.385757915673264E+00
  5.700729862707281E+00  9.254870590948981E+00 -1.364741605632444E+00
  3.979319822769720E+00  9.031340890126719E+00 -1.346293490919076E+00
  2.333481862816118E+00  8.560489925341393E+00 -1.330166203345230E+00
  7.740442454688914E-01  7.897776125317949E+00 -1.322978879859191E+00
 -6.771826247718674E-01  7.036349605684038E+00 -1.322774298289639E+00
 -1.914587682277298E+00  5.916233687679273E+00 -1.315631851767274E+00
 -2.864741008622650E+00  4.579011709340079E+00 -1.299565227153832E+00
 -3.623943621531329E+00  3.143271104042153E+00 -1.294017581492353E+00
 -3.744560789749610E+00 -3.175584404230716E+00 -1.276779121421340E+00
 -3.037866701935383E+00 -4.658881173588331E+00 -1.275564513796858E+00
 -2.098401446190841E+00 -6.038392779133568E+00 -1.281592081867211E+00
 -8.122069631693143E-01 -7.151928831382921E+00 -1.271770110989940E+00
  7.246119319349507E-01 -7.921101114814936E+00 -1.246513968281924E+00
  2.324838587723332E+00 -8.477350241301199E+00 -1.231223836575368E+00
  3.928198399311614E+00 -9.035295003394431E+00 -1.253575766297777E+00
  5.638158757309436E+00 -9.623894873185922E+00 -1.316024082331120E+00
  7.509171301737465E+00 -9.889677763186173E+00 -1.376131210735843E+00
  9.320100142713233E+00 -9.429584629777537E+00 -1.381731589865280E+00
  1.085243644323750E+01 -8.422786953276850E+00 -1.348109701794929E+00
  1.225181233369739E+01 -7.358580094209616E+00 -1.339458891726005E+00
  1.367953551392787E+01 -6.310599253809148E+00 -1.374660736877577E+00
  1.489281042372528E+01 -5.011884513651302E+00 -1.407911379395093E+00
  1.555921077377405E+01 -3.407698035084330E+00 -1.400914579285291E+00
  1.576066109615923E+01 -1.716193603426554E+00 -1.373952202683581E+00
  1.522467491890050E+01 -6.509438295883464E-02 -1.959449806299060E+00
  1.530963468845000E+01  1.713082076499386E+00 -2.020564594359916E+00
  1.526706916350122E+01  3.619308232929482E+00 -2.137497077227506E+00
  1.477315748333983E+01  5.569931202918094E+00 -2.253137698005707E+00
  1.346559477187121E+01  7.154235381539463E+00 -2.269543041211341E+00
  1.153759775396070E+01  8.061724676965136E+00 -2.174756752192378E+00
  9.505898680742829E+00  8.489041678100300E+00 -2.060792384364098E+00
  7.577520314152789E+00  8.733169029057581E+00 -1.994193662130822E+00
  5.697435343254495E+00  8.814776974543580E+00 -1.968510370774193E+00
  3.845197342175695E+00  8.611224555316479E+00 -1.953358631751522E+00
  2.079367748153877E+00  8.079313125675689E+00 -1.937088504148139E+00
  4.682864695444953E-01  7.239528818318358E+00 -1.919318363694995E+00
 -8.756929415921665E-01  6.080324726215432E+00 -1.886283586768490E+00
 -1.861731835427762E+00  4.671052556219872E+00 -1.835897654510742E+00
 -2.633928715804321E+00  3.190257951450991E+00 -1.811390780657059E+00
 -3.375878832616205E+00  1.667545574519814E+00 -1.846615850031539E+00
 -3.864405008440251E+00 -1.760392906955663E+00 -1.923737061020061E+00
 -3.316418168451476E+00 -3.452879526557412E+00 -1.917144612145806E+00
 -2.435216163717527E+00 -5.021002272466061E+00 -1.914956061759696E+00
 -1.211034776862564E+00 -6.375038938220245E+00 -1.906941751424514E+00
  3.446955942560697E-01 -7.375498253418103E+00 -1.875538053681883E+00
  2.058160462687215E+00 -8.049909066276699E+00 -1.843569516232616E+00
  3.799838614754915E+00 -8.611480854260357E+00 -1.859334995225673E+00
  5.637825877927757E+00 -9.154209840124341E+00 -1.939833373392306E+00
  7.631778928032285E+00 -9.347201311335501E+00 -2.022531752751285E+00
  9.536483501276132E+00 -8.779088973598173E+00 -2.023214291828332E+00
  1.111451779163116E+01 -7.651213813322743E+00 -1.967751010620061E+00
  1.248670470061744E+01 -6.403406221467760E+00 -1.943501294812923E+00
  1.371233402620762E+01 -5.058562565589199E+00 -1.957956742975216E+00
  1.458428686115128E+01 -3.494802187344157E+00 -1.961930058420585E+00
  1.503300282717200E+01 -1.794212103749104E+00 -1.950138705264068E+00
  1.445372144712882E+01 -6.516094392839737E-02 -2.505894219982485E+00
  1.451578375965746E+01  1.807408502899460E+00 -2.592977604278287E+00
  1.431751212831744E+01  3.795070852419347E+00 -2.744201729181865E+00
  1.351427187760864E+01  5.730848077657203E+00 -2.868118836466060E+00
  1.185452307596172E+01  7.116512060352849E+00 -2.834971766193502E+00
  9.764590557203265E+00  7.797850732976981E+00 -2.693909086675695E+00
  7.702852292791508E+00  8.127617520324346E+00 -2.591414137331906E+00
  5.693818027480185E+00  8.269799117440948E+00 -2.563827850043375E+00
  3.702367857996408E+00  8.064595565393597E+00 -2.555685621160074E+00
  1.840585602190282E+00  7.396489792810731E+00 -2.526970784717923E+00
  2.617795977345764E-01  6.295941035955326E+00 -2.469579470944542E+00
 -9.076680095480021E-01  4.863846304955238E+00 -2.384279376074509E+00
 -1.742054449443858E+00  3.305436132351551E+00 -2.320918279767189E+00
 -2.487141935042292E+00  1.720011518818413E+00 -2.347904989142444E+00
 -3.073125192275448E+00 -6.870668649005769E-03 -2.439616216367713E+00
 -3.128854240939271E+00 -1.868683943687228E+00 -2.506252019938132E+00
 -2.557086116501401E+00 -3.678733628601993E+00 -2.526477806616553E+00
 -1.488876232998445E+00 -5.294980423076212E+00 -2.526311868643742E+00
 -1.664331765242062E-03 -6.587963756821060E+00 -2.504451527054934E+00
  1.773710943528274E+00 -7.477066127251885E+00 -2.466874923419704E+00
  3.663711219019889E+00 -8.064172518399426E+00 -2.460415539909611E+00
  5.638323174122792E+00 -8.472487571180521E+00 -2.522210702625324E+00
  7.715623844855108E+00 -8.490627335930910E+00 -2.596048707926585E+00
  9.658298599810083E+00 -7.792415087861714E+00 -2.584347541198643E+00
  1.122574422148409E+01 -6.549128980882116E+00 -2.510095118514201E+00
  1.247820197891751E+01 -5.112025538836120E+00 -2.461071237819209E+00
  1.346445751820179E+01 -3.551833435586752E+00 -2.453380033986962E+00
  1.412733910848678E+01 -1.857312649275531E+00 -2.468073489041451E+00
  1.353084865788455E+01 -6.448871310491594E-02 -3.002991890497271E+00
  1.347059723714140E+01  1.874773491042932E+00 -3.089435781889670E+00
  1.300409756813918E+01  3.861867914757075E+00 -3.240473871410092E+00
  1.183962823405326E+01  5.653203133062830E+00 -3.336900304694609E+00
  9.943355570464249E+00  6.788089405065696E+00 -3.264656727855787E+00
  7.816649839027773E+00  7.323052091629742E+00 -3.152442898995752E+00
  5.689624521451017E+00  7.511387197093076E+00 -3.115363022207791E+00
  3.589011210918210E+00  7.240310733224559E+00 -3.099047864993086E+00
  1.693845665256562E+00  6.391604633289941E+00 -3.041656763716347E+00
  1.975355421203968E-01  5.069617804392160E+00 -2.946143427417035E+00
 -8.464469750887373E-01  3.479026429330102E+00 -2.852483631299002E+00
 -1.597774507297342E+00  1.793925918485667E+00 -2.839550383441181E+00
 -2.110079364213340E+00 -1.236540385758455E-02 -2.921882802054670E+00
 -2.122866473528298E+00 -1.947713383230514E+00 -3.016591696697601E+00
 -1.474992998399830E+00 -3.833827924014492E+00 -3.073957806407158E+00
 -2.197654656044569E-01 -5.463549678546728E+00 -3.094707376976416E+00
  1.516937774316457E+00 -6.656738765602936E+00 -3.077697113393180E+00
  3.527786485989612E+00 -7.348715671552289E+00 -3.047642939320775E+00
  5.639519068247377E+00 -7.624090226668263E+00 -3.056854814680058E+00
  7.770212597468638E+00 -7.423320060563588E+00 -3.085201992439820E+00
  9.692074576315060E+00 -6.560274495274989E+00 -3.046208509007318E+00
  1.118798913536043E+01 -5.197885427026185E+00 -2.959770767405252E+00
  1.231981354173762E+01 -3.632019813095356E+00 -2.919939262814707E+00
  1.314100724408036E+01 -1.923489738500035E+00 -2.948481864253968E+00
  1.248304839078223E+01 -6.316718550510045E-02 -3.450787738502930E+00
  1.225731271327363E+01  1.923619353875975E+00 -3.512343449398840E+00
  1.147705526807647E+01  3.850692828750369E+00 -3.639724140148803E+00
  9.961141838651971E+00  5.411230502263739E+00 -3.697530942836242E+00
  7.894978363223939E+00  6.266280578271584E+00 -3.632678043416647E+00
  5.684879639929840E+00  6.505040531570905E+00 -3.577174371112034E+00
  3.527498954491171E+00  6.124685357507547E+00 -3.531125385125214E+00
  1.657858809713539E+00  5.110950167625460E+00 -3.454493294741340E+00
  2.610294875214993E-01  3.628655819098920E+00 -3.368745621911063E+00
 -6.265134511617940E-01  1.879503900451766E+00 -3.321953204668491E+00
 -1.060786469018451E+00 -1.794743275543305E-02 -3.362803431520915E+00
 -9.492548772451956E-01 -2.010779749911520E+00 -3.462977013746096E+00
 -1.421651083524491E-01 -3.927474792605381E+00 -3.561768409416118E+00
  1.375528555661200E+00 -5.480595922749976E+00 -3.610197183365070E+00
  3.413582647036665E+00 -6.398489611647949E+00 -3.586193614088791E+00
  5.641341663406081E+00 -6.634617256208269E+00 -3.539433099493999E+00
  7.811717220322077E+00 -6.242906461383663E+00 -3.505410704142576E+00
  9.680137127135714E+00 -5.206197401412166E+00 -3.438894546778088E+00
  1.108908013597992E+01 -3.724501791798897E+00 -3.380471998701248E+00
  1.207072349066883E+01 -1.995471220798999E+00 -3.402779961805960E+00
  1.132777614703004E+01 -6.126584390331133E-02 -3.851734725213006E+00
  1.095069893439284E+01  1.970116709844320E+00 -3.894561509350015E+00
  9.821977232223734E+00  3.791884183505782E+00 -3.998510537087626E+00
  7.933551028481844E+00  5.001376721812071E+00 -4.016703840702135E+00
  5.679876130096794E+00  5.339173101441229E+00 -3.949585260982588E+00
  3.498413272305236E+00  4.848859190856378E+00 -3.872111886770021E+00
  1.702271854306133E+00  3.657298953291497E+00 -3.808413540335471E+00
  5.235407002163053E-01  1.952872958791571E+00 -3.764538516198743E+00
  6.871163639514877E-02 -2.363265361325875E-02 -3.769871716530798E+00
  3.447599063166213E-01 -2.066454859646119E+00 -3.863756245237080E+00
  1.451486242834180E+00 -3.924614278580296E+00 -3.983282813997436E+00
  3.355945773077653E+00 -5.163702929103215E+00 -4.013034777614993E+00
  5.643899249757942E+00 -5.492998006512503E+00 -3.946383407377071E+00
  7.844133023264482E+00 -4.974961504583222E+00 -3.870107043803291E+00
  9.637829624710381E+00 -3.756207594789874E+00 -3.811607906537267E+00
  1.085975467487396E+01 -2.060001846839972E+00 -3.818985842932276E+00
  1.006977557893528E+01 -5.880248750424996E-02 -4.206273244741583E+00
  9.526729776698826E+00  2.010292599738241E+00 -4.258720041863553E+00
  7.934988462075062E+00  3.583723777868292E+00 -4.325407257768101E+00
  5.674798016678647E+00  4.102146985635990E+00 -4.268685051106174E+00
  3.481176561854096E+00  3.486250959066151E+00 -4.179768333853995E+00
  1.897729062994847E+00  1.988725800519561E+00 -4.139717277720578E+00
  1.304600123382724E+00 -2.945087077714719E-02 -4.131224210586940E+00
  1.801434704947404E+00 -2.095857345821260E+00 -4.209152372814805E+00
  3.378841114445918E+00 -3.685861628813682E+00 -4.291626629748492E+00
  5.647214468868742E+00 -4.215006419314535E+00 -4.252979037891381E+00
  7.853884712041292E+00 -3.594667599747679E+00 -4.182785236789070E+00
  9.453988415309418E+00 -2.092356887706278E+00 -4.174685201092310E+00
  8.696348783815848E+00 -5.564551748058481E-02 -4.495691886045550E+00
  7.842723514197432E+00  1.966154307456796E+00 -4.562702401862559E+00
  5.669642090344243E+00  2.795009658821887E+00 -4.536677772227316E+00
  3.537771085329569E+00  1.937636555492444E+00 -4.453345692198275E+00
  2.660635380473529E+00 -3.534179909347563E-02 -4.424768815162207E+00
  3.508625714147360E+00 -2.029145139437567E+00 -4.467112640184133E+00
  5.651052736066049E+00 -2.861207402214518E+00 -4.470217056573541E+00
  7.784482960132735E+00 -2.029662474202903E+00 -4.450085816871871E+00
  7.209544676815966E+00 -5.160565072138912E-02 -4.679046146494691E+00
  5.664500687948992E+00  1.397932093531762E+00 -4.701434119884781E+00
  4.123496094376058E+00 -4.116300585978235E-02 -4.629962239621579E+00
  5.655184294783492E+00 -1.472472151718308E+00 -4.629060966424666E+00
  5.659635522711746E+00 -4.669016512335896E-02 -4.723129829930564E+00
 -1.121055730787931E+01  5.471892723491999E-02  4.801514794383832E+00
 -1.008974386567983E+01  5.086162486989990E-02  4.770183308568332E+00
 -1.120746151430074E+01  1.054462762836731E+00  4.727198108987497E+00
 -1.232604476251930E+01  5.817720613370637E-02  4.753194658158160E+00
 -1.121411390352710E+01 -9.424896414120049E-01  4.721227286952415E+00
 -8.998363927191283E+00  4.647146853738715E-02  4.607241050583731E+00
 -9.656750335535342E+00  1.443423444195969E+00  4.558922886169141E+00
 -1.120468842817605E+01  2.031150981972921E+00  4.571790270964693E+00
 -1.277925300475870E+01  1.474806255187668E+00  4.636249404416355E+00
 -1.343513783774731E+01  6.132457661259025E-02  4.644362526940669E+00
 -1.276104586812266E+01 -1.331995291067334E+00  4.567584410853026E+00
 -1.121799886417101E+01 -1.863967843591578E+00  4.449850850367187E+00
 -9.643628404574931E+00 -1.366248905565327E+00  4.637996498327083E+00
 -7.990519606444012E+00  4.170675359496744E-02  4.308374251193126E+00
 -8.437818219978586E+00  1.482209872534481E+00  4.271250174119363E+00
 -9.586249185916461E+00  2.568471475187318E+00  4.319001159775079E+00
 -1.120215099635241E+01  2.989083177927921E+00  4.359267855411480E+00
 -1.285945475244864E+01  2.640564748901398E+00  4.433356516697800E+00
 -1.408253197873373E+01  1.556990468237575E+00  4.453114848324441E+00
 -1.451677679103508E+01  6.392620447163511E-02  4.440523718771061E+00
 -1.406582459122036E+01 -1.418213607160240E+00  4.425875768774839E+00
 -1.277566416686312E+01 -2.367476393747461E+00  4.185006669577764E+00
 -1.122184028931190E+01 -2.673871427774594E+00  4.070686415129132E+00
 -9.604092264950731E+00 -2.472431213086346E+00  4.340022730004955E+00
 -8.330693035250459E+00 -1.456049184579715E+00  4.465477270697974E+00
 -7.065836153712471E+00  3.686876653385524E-02  3.936761342737733E+00
 -7.407298007650914E+00  1.455002444997670E+00  3.899638262738745E+00
 -8.258405019438854E+00  2.692376168847075E+00  3.945717081500272E+00
 -9.576739012715002E+00  3.575433889712011E+00  4.020739814104409E+00
 -1.119989375833349E+01  3.924145719408241E+00  4.079458490784613E+00
 -1.285395365670411E+01  3.649076387864032E+00  4.102085468974775E+00
 -1.426553905137659E+01  2.817581458255839E+00  4.120292379124325E+00
 -1.516797851370049E+01  1.540789010649780E+00  4.087140897186269E+00
 -1.550938843445344E+01  6.560301804601283E-02  4.105046606837111E+00
 -1.521607987582250E+01 -1.425914387988445E+00  4.141176225781717E+00
 -1.416261443743685E+01 -2.586287966758379E+00  3.981940299516316E+00
 -1.272335559147482E+01 -3.202024581950812E+00  3.748940774303493E+00
 -1.122548709968150E+01 -3.444362521700404E+00  3.712503399786227E+00
 -9.631545527147287E+00 -3.415990290226282E+00  3.975826213135834E+00
 -8.085216004738086E+00 -2.781352294774018E+00  4.228710213339617E+00
 -7.207835458468855E+00 -1.456633939879841E+00  4.128456999083064E+00
 -6.175420304238274E+00  3.203483460503472E-02  3.542324592831933E+00
 -6.461051775849814E+00  1.421576323074307E+00  3.504148788012317E+00
 -7.164096969820607E+00  2.678057043463608E+00  3.502069822751884E+00
 -8.238104540883937E+00  3.710825825701258E+00  3.533792100712461E+00
 -9.594769434014189E+00  4.488589889811614E+00  3.640212400573050E+00
 -1.119796424110349E+01  4.827856096939223E+00  3.725987751368931E+00
 -1.281849066945384E+01  4.540631639690436E+00  3.683873464669488E+00
 -1.421748587330875E+01  3.794902900365318E+00  3.613820731892588E+00
 -1.531769251101289E+01  2.751687168384058E+00  3.588526637946249E+00
 -1.602198615184865E+01  1.472144119241070E+00  3.580401191670618E+00
 -1.634975832657293E+01  6.616396864418851E-02  3.641699307931092E+00
 -1.616956384067786E+01 -1.382011769887764E+00  3.697626238844938E+00
 -1.532831450814476E+01 -2.621878658540846E+00  3.607956706726433E+00
 -1.408740494034768E+01 -3.486422995439599E+00  3.461715576616056E+00
 -1.269772376185632E+01 -4.017272710062957E+00  3.380225126702185E+00
 -1.122916226920214E+01 -4.276508148676035E+00  3.412465007368978E+00
 -9.661377874763096E+00 -4.297660919048549E+00  3.596912998219966E+00
 -8.046056406955827E+00 -3.900526798265824E+00  3.830447062373572E+00
 -6.794835579335337E+00 -2.860087879202233E+00  3.865917869292549E+00
 -6.236223985161357E+00 -1.424179030560966E+00  3.691160670052812E+00
 -5.330301954869764E+00  2.712387354329628E-02  3.100511644728219E+00
 -5.592388866608996E+00  1.382913691634286E+00  3.058530222863367E+00
 -6.202590956505945E+00  2.630377076686405E+00  3.034085736742680E+00
 -7.147366481379145E+00  3.683795185584187E+00  3.009510176671984E+00
 -8.291596735124482E+00  4.572004293938149E+00  3.052197613663975E+00
 -9.628749467742717E+00  5.312872217338011E+00  3.182848074312820E+00
 -1.119649713520707E+01  5.672265273958502E+00  3.285070374610071E+00
 -1.278120268867081E+01  5.371387348888307E+00  3.221496699550102E+00
 -1.411454828369314E+01  4.598515582609701E+00  3.074711144480978E+00
 -1.522219196324021E+01  3.675958371377377E+00  3.005326492131453E+00
 -1.610469937664026E+01  2.607030609310463E+00  2.998299386997634E+00
 -1.669154005809602E+01  1.385884753126628E+00  3.015796985649784E+00
 -1.700850421379278E+01  6.568495532948453E-02  3.086628399936280E+00
 -1.692561719235973E+01 -1.310247823029993E+00  3.153599180653901E+00
 -1.627560874532276E+01 -2.561425616879470E+00  3.118173010602074E+00
 -1.524141379692507E+01 -3.552741719776521E+00  3.036390317691474E+00
 -1.404728453562701E+01 -4.335501559148488E+00  3.013862106042142E+00
 -1.270470183631968E+01 -4.894446633020853E+00  3.041873352577325E+00
 -1.123307333295799E+01 -5.157664112173318E+00  3.088350132360946E+00
 -9.694114943473481E+00 -5.126310133704888E+00  3.169947522272925E+00
 -8.135563325322350E+00 -4.788558888124201E+00  3.294750781850464E+00
 -6.728486668279695E+00 -4.017044639098884E+00  3.378545870170553E+00
 -5.779796960995585E+00 -2.799590328680945E+00  3.328964454539603E+00
 -5.363647983067352E+00 -1.384681499605298E+00  3.201848994181440E+00
 -4.649099325181483E+00  2.227817239231639E-02  2.559100863601609E+00
 -4.928510854279998E+00  1.314034442974218E+00  2.505682082043373E+00
 -5.425360249092063E+00  2.531520365158427E+00  2.490838170592781E+00
 -6.211799075889986E+00  3.611548897742584E+00  2.475386546671037E+00
 -7.217289619188146E+00  4.528449627152945E+00  2.475894937974556E+00
 -8.359825708288634E+00  5.342370407127761E+00  2.536027456416294E+00
 -9.679275294928191E+00  6.025298533302441E+00  2.645739423280671E+00
 -1.119587654792383E+01  6.367268267105648E+00  2.728778629536561E+00
 -1.273327641919730E+01  6.108251500825938E+00  2.687324964314525E+00
 -1.403900632310158E+01  5.359750311133556E+00  2.552548902195887E+00
 -1.512692870765886E+01  4.485159148630636E+00  2.461333537919943E+00
 -1.607700388641356E+01  3.555684170906755E+00  2.443642056200706E+00
 -1.679039413410177E+01  2.480750574417570E+00  2.436748702650032E+00
 -1.723729803988913E+01  1.300779991783644E+00  2.437629364080686E+00
 -1.750658836009580E+01  6.446559162529168E-02  2.487924176368632E+00
 -1.753124526227074E+01 -1.231260360389624E+00  2.566329989387662E+00
 -1.710994399113784E+01 -2.486795858591936E+00  2.594369408687540E+00
 -1.626330175496629E+01 -3.552481697869764E+00  2.560447035419346E+00
 -1.521348741206771E+01 -4.436072046362515E+00  2.540395939592006E+00
 -1.403596684802103E+01 -5.182028612954572E+00  2.568347353498923E+00
 -1.269774271306521E+01 -5.713559325305010E+00  2.610660133872787E+00
 -1.123701291110158E+01 -5.929018629153364E+00  2.634648600903833E+00
 -9.752493111240904E+00 -5.812812454288866E+00  2.642462441378751E+00
 -8.301107000186041E+00 -5.448995561261973E+00  2.673025581781868E+00
 -6.912130042652683E+00 -4.846164824306815E+00  2.732068506916687E+00
 -5.744821764080237E+00 -3.910148127279423E+00  2.757723116797981E+00
 -4.968878341113645E+00 -2.687956106724234E+00  2.721560298640181E+00
 -4.618559056689341E+00 -1.333886721986818E+00  2.646205212718397E+00
 -4.223920137100544E+00  1.784822015736780E-02  1.927662733706027E+00
 -4.544646411756502E+00  1.212929437455834E+00  1.868590845199502E+00
 -4.926646408048687E+00  2.363043495427390E+00  1.864638643538189E+00
 -5.500501893443625E+00  3.454351050166536E+00  1.878419039084296E+00
 -6.319521315187394E+00  4.421642917188677E+00  1.888754913760381E+00
 -7.303111230500475E+00  5.279768526659355E+00  1.918148797528714E+00
 -8.444698200897511E+00  6.017577071230478E+00  1.968714951481283E+00
 -9.756753363328588E+00  6.555266837656977E+00  2.022365446457353E+00
 -1.119645328677240E+01  6.803262386467272E+00  2.061499368189872E+00
 -1.265180722580341E+01  6.628777413240242E+00  2.051107978009533E+00
 -1.395578330124493E+01  6.040067694608788E+00  1.986829171276535E+00
 -1.507759544583856E+01  5.274326078770695E+00  1.930199642186972E+00
 -1.608543688359770E+01  4.449899414436253E+00  1.916573511702959E+00
 -1.690608403625399E+01  3.486525357498440E+00  1.909865322282386E+00
 -1.742738881976143E+01  2.378575629088553E+00  1.881622365165163E+00
 -1.772185515597201E+01  1.226996462160974E+00  1.861647968175520E+00
 -1.793522048916826E+01  6.302447295251716E-02  1.890884152710434E+00
 -1.805318165684205E+01 -1.158995529188098E+00  1.966593391078604E+00
 -1.786289067061642E+01 -2.410407711533862E+00  2.033300503022453E+00
 -1.721789429075429E+01 -3.539163578206185E+00  2.041788364564939E+00
 -1.625291999026047E+01 -4.459188858133730E+00  2.014442080179331E+00
 -1.515314284978030E+01 -5.221300715575384E+00  2.001218208881132E+00
 -1.395407986189253E+01 -5.849944532824385E+00  2.013510096785524E+00
 -1.263969767803455E+01 -6.287081967038982E+00  2.033648221995939E+00
 -1.124052008490642E+01 -6.439035731901772E+00  2.037352701878882E+00
 -9.846384085958364E+00 -6.269092599937573E+00  2.016366055617422E+00
 -8.511711640901757E+00 -5.893293138041058E+00  2.005646350448410E+00
 -7.206513720192112E+00 -5.400987591609197E+00  2.035362519324154E+00
 -5.990129581793373E+00 -4.695884393846877E+00  2.073700977969525E+00
 -5.017386769869530E+00 -3.715799861935745E+00  2.081926326292453E+00
 -4.359984601249236E+00 -2.541333732792950E+00  2.063061482781952E+00
 -4.090448214483241E+00 -1.259204480687029E+00  2.011072976817240E+00
 -5.005202166829020E+00  3.241827412597438E+00  1.245053280126728E+00
 -5.659753123152491E+00  4.209202267133419E+00  1.256221005970376E+00
 -6.483335412878022E+00  5.086309914171803E+00  1.273075830539065E+00
 -7.439185650124239E+00  5.891096279616931E+00  1.304643989480809E+00
 -8.579731049135972E+00  6.508076227886714E+00  1.329500904337346E+00
 -9.862999504699429E+00  6.850577952027431E+00  1.337306500432934E+00
 -1.119805934594283E+01  6.975450204923778E+00  1.343839975368229E+00
 -1.253963084313734E+01  6.889173963356417E+00  1.351322256123505E+00
 -1.382258126001670E+01  6.533260878964883E+00  1.347029902341092E+00
 -1.499334682929707E+01  5.961928003252501E+00  1.337917547990495E+00
 -1.606024780828974E+01  5.263401072278334E+00  1.339381257767310E+00
 -1.697862721708326E+01  4.416451503221301E+00  1.342542083952423E+00
 -1.763612311320699E+01  3.398626959922982E+00  1.328749212749809E+00
 -1.801852933189082E+01  2.289658692150899E+00  1.302991406233632E+00
 -1.824353998878257E+01  1.176214444244601E+00  1.289701000087780E+00
 -1.842729380556399E+01  6.186344489319936E-02  1.308514574862177E+00
 -1.856256356210833E+01 -1.101959993125586E+00  1.358605128218745E+00
 -1.847528622301553E+01 -2.311388704437934E+00  1.411117681015511E+00
 -1.797409959744034E+01 -3.442319038317868E+00  1.428147809428892E+00
 -1.709593620059491E+01 -4.367991030472870E+00  1.405656430064874E+00
 -1.604413003404147E+01 -5.100815581484058E+00  1.374710682693018E+00
 -1.493822082886007E+01 -5.714409721907693E+00  1.359708417103544E+00
 -1.377915800601922E+01 -6.227599953518938E+00  1.362670520412160E+00
 -1.254259536272328E+01 -6.590737581767987E+00  1.372399301609871E+00
 -1.124341294828337E+01 -6.699591977825207E+00  1.369398801800615E+00
 -9.961278841585289E+00 -6.507614152719571E+00  1.345459519329473E+00
 -8.744459813528572E+00 -6.145397861778997E+00  1.325811125721936E+00
 -7.540369453267272E+00 -5.741954523747073E+00  1.337958082109038E+00
 -6.356856602990321E+00 -5.213969627620645E+00  1.366892993560326E+00
 -5.338829472225564E+00 -4.434688981502175E+00  1.378730740349926E+00
 -4.554664387106219E+00 -3.453846755252291E+00  1.373995578901346E+00
 -3.994815650055576E+00 -2.355446084904858E+00  1.364770970773695E+00
 -5.132802608663884E+00  3.988696031360618E+00  6.132956751670990E-01
 -5.908213299393996E+00  4.786756897941771E+00  6.102879239821045E-01
 -6.733773172640899E+00  5.558819515903493E+00  6.190415851961237E-01
 -7.663352210937318E+00  6.274784349120197E+00  6.351277596289162E-01
 -8.772586411325173E+00  6.753371055988729E+00  6.417461365179778E-01
 -9.984098742027877E+00  6.942063477066609E+00  6.371555599666834E-01
 -1.120016392501774E+01  6.988302604739268E+00  6.363366143699222E-01
 -1.242082216882912E+01  6.975347571755189E+00  6.469307105427412E-01
 -1.364827740358295E+01  6.823055138818988E+00  6.618014036934249E-01
 -1.482958361370686E+01  6.455131506896250E+00  6.733505947238697E-01
 -1.591732765208410E+01  5.889857636328349E+00  6.818862876635029E-01
 -1.687589035327776E+01  5.156833111450425E+00  6.882223926825755E-01
 -1.764975812972569E+01  4.268048199173926E+00  6.897862130691624E-01
 -1.821120451924714E+01  3.267806515546397E+00  6.869064706688534E-01
 -1.859759869983995E+01  2.218170984875151E+00  6.848607039412651E-01
 -1.886240276681054E+01  1.149868204316170E+00  6.887122781369120E-01
 -1.903026320879354E+01  6.094651401335473E-02  7.005187441760077E-01
 -1.907732734107919E+01 -1.057950773639963E+00  7.184770113320426E-01
 -1.890749704547403E+01 -2.184423008460544E+00  7.342597302040285E-01
 -1.841161714449889E+01 -3.232636129596452E+00  7.363075625691127E-01
 -1.760955143177447E+01 -4.110938046796798E+00  7.222891335891027E-01
 -1.665129230571807E+01 -4.818048766157710E+00  7.030341027524108E-01
 -1.565644815532858E+01 -5.419865393699340E+00  6.903194386103373E-01
 -1.464217283704919E+01 -5.958021125855685E+00  6.876474656503038E-01
 -1.357813603529764E+01 -6.421299118610956E+00  6.922980103471483E-01
 -1.243948216064913E+01 -6.745268173013463E+00  6.974462631069400E-01
 -1.124587451621962E+01 -6.822687359253846E+00  6.930836263659413E-01
 -1.007481782047263E+01 -6.619971180307281E+00  6.764060283544426E-01
 -8.969673552644624E+00 -6.272932166005869E+00  6.606429192510214E-01
 -7.875601579498205E+00 -5.924416910202478E+00  6.606667896722564E-01
 -6.770267337148324E+00 -5.518859269658072E+00  6.721079203360730E-01
 -5.777019265995050E+00 -4.899513836610706E+00  6.765393585532051E-01
 -4.995642251069947E+00 -4.066841201572118E+00  6.692346561204104E-01
 -4.352063807480921E+00 -3.143687995190866E+00  6.636540410523672E-01
 -5.418991979409850E+00  4.529019697153680E+00 -5.145970423872190E-02
 -6.253344513611014E+00  5.161849833684449E+00 -5.193807600357056E-02
 -7.060103272163344E+00  5.824233122010500E+00 -5.264184831623075E-02
 -7.954693694836266E+00  6.424763573870099E+00 -5.278210233991588E-02
 -8.997481873241707E+00  6.784450802729775E+00 -5.131939009610920E-02
 -1.010591451670436E+01  6.892779611251085E+00 -4.845532659233730E-02
 -1.120248408586014E+01  6.912545534670016E+00 -4.520427170309085E-02
 -1.230582141856955E+01  6.942663880505936E+00 -4.198203664086307E-02
 -1.344507997614577E+01  6.913164918892151E+00 -3.836533799963621E-02
 -1.458094689942448E+01  6.699738783163002E+00 -3.388011893343654E-02
 -1.564147508248083E+01  6.260072701084087E+00 -2.854369638853389E-02
 -1.658220506343482E+01  5.632992737861859E+00 -2.267723531535088E-02
 -1.738879943440618E+01  4.871525946233228E+00 -1.657785910918111E-02
 -1.806669097687060E+01  4.019275115810555E+00 -1.043734226764329E-02
 -1.863660556487823E+01  3.106818920603806E+00 -4.338568135458874E-03
 -1.910355304933090E+01  2.141761959202957E+00  1.697410334227337E-03
 -1.943047986498970E+01  1.121242148679303E+00  7.571223146821557E-03
 -1.956499211734116E+01  5.942334098129386E-02  1.305534295934394E-02
 -1.947753174061631E+01 -1.008309872565405E+00  1.789051176568657E-02
 -1.915674540611733E+01 -2.036209482187332E+00  2.182349203580616E-02
 -1.860577351806223E+01 -2.973303357862396E+00  2.462030223458821E-02
 -1.787296954604864E+01 -3.784046070273395E+00  2.625861464409045E-02
 -1.704697679692799E+01 -4.477577072866768E+00  2.705254093245846E-02
 -1.619194884963661E+01 -5.093055000761105E+00  2.738491959342724E-02
 -1.531271447521408E+01 -5.652781679130005E+00  2.737704849704526E-02
 -1.438674122453525E+01 -6.148162016742228E+00  2.691911349080978E-02
 -1.339791988499038E+01 -6.554042681442420E+00  2.584177592868218E-02
 -1.234279863312748E+01 -6.818477449804536E+00  2.388628761648735E-02
 -1.124805450282010E+01 -6.864678151540833E+00  2.076711647306879E-02
 -1.017626917750728E+01 -6.677113969128335E+00  1.660098013293868E-02
 -9.162019411073196E+00 -6.364237386267018E+00  1.201159178183440E-02
 -8.166596042618302E+00 -6.046034289716789E+00  7.454188600049406E-03
 -7.162607835954675E+00 -5.697951825070893E+00  2.727881120614457E-03
 -6.235383733112886E+00 -5.185716309542402E+00 -2.548608479464455E-03
 -5.494604638855915E+00 -4.468153604297115E+00 -8.237401135839942E-03
 -4.893244406814355E+00 -3.658907264628323E+00 -1.393893966351811E-02
 -4.294973697874215E+00 -2.843771695913716E+00 -1.965919320480244E-02
 -4.830603900782116E+00  4.181075415101146E+00 -7.479893986988432E-01
 -5.862731682383050E+00  4.824693183121800E+00 -7.191704668198826E-01
 -6.807991396304167E+00  5.466134961792844E+00 -7.126195152023895E-01
 -7.748521613818280E+00  6.126270604590180E+00 -7.244066115116492E-01
 -8.837653091298552E+00  6.579898332592012E+00 -7.271994551402765E-01
 -1.002734101813764E+01  6.717528504206252E+00 -7.124093136008848E-01
 -1.120511084385585E+01  6.720579892151443E+00 -7.005605256328629E-01
 -1.238652953107701E+01  6.746191160287351E+00 -7.074177034114328E-01
 -1.361520663031748E+01  6.712012188857686E+00 -7.252471861030955E-01
 -1.483370901210951E+01  6.448073933042059E+00 -7.371747633148691E-01
 -1.594219220556161E+01  5.908691715697435E+00 -7.368636481848421E-01
 -1.689983531726277E+01  5.167834123201292E+00 -7.296699063815014E-01
 -1.772649204671782E+01  4.308996555670793E+00 -7.234630576645077E-01
 -1.845961737996810E+01  3.373992546394104E+00 -7.236857169935624E-01
 -1.909602033556486E+01  2.357682491282579E+00 -7.303300609732176E-01
 -1.954605316449367E+01  1.242189067562277E+00 -7.364000547204644E-01
 -1.968802714022413E+01  5.625628792023323E-02 -7.333281590870877E-01
 -1.948125815221420E+01 -1.120427084833804E+00 -7.188212320681997E-01
 -1.898646477486716E+01 -2.212810912094282E+00 -6.972577117095433E-01
 -1.830452940545106E+01 -3.188741831592947E+00 -6.752915671495214E-01
 -1.752615538437472E+01 -4.060662156638673E+00 -6.592117260559094E-01
 -1.668848763822718E+01 -4.854081348614258E+00 -6.519190210079827E-01
 -1.576495119624991E+01 -5.554745318212179E+00 -6.503335881781884E-01
 -1.473096929411503E+01 -6.112906459463951E+00 -6.494320339351207E-01
 -1.361223905761013E+01 -6.509985236934758E+00 -6.487497312421697E-01
 -1.244347490566104E+01 -6.751051579678689E+00 -6.496785691133760E-01
 -1.124986880171984E+01 -6.798834587828533E+00 -6.490977313866817E-01
 -1.007768553917141E+01 -6.633022118020451E+00 -6.449660960614131E-01
 -8.951436694975820E+00 -6.341363571105187E+00 -6.447997128491032E-01
 -7.843042315180796E+00 -5.995817604442568E+00 -6.556075236819708E-01
 -6.792394433964424E+00 -5.502764954942046E+00 -6.680480127024343E-01
 -5.943785152063692E+00 -4.758547046922336E+00 -6.669680341434989E-01
 -5.300502457769609E+00 -3.875062938298095E+00 -6.596849905368429E-01
 -4.649438953564770E+00 -3.014376984464506E+00 -6.703690378542672E-01
 -3.677153442753773E+00  2.471147442965984E+00 -1.494143874660049E+00
 -4.386709322288019E+00  3.551915672707915E+00 -1.471798982629059E+00
 -5.455841861710911E+00  4.355515038229421E+00 -1.405703991762939E+00
 -6.544426396503559E+00  5.017195172120137E+00 -1.359483847046193E+00
 -7.562841086837624E+00  5.699575280444093E+00 -1.365532528766639E+00
 -8.693190591788715E+00  6.237455828644004E+00 -1.375413319776932E+00
 -9.954670201600759E+00  6.419019873655079E+00 -1.347743874830105E+00
 -1.120809725257472E+01  6.383992594419635E+00 -1.316111001279307E+00
 -1.244421940575776E+01  6.338286925907049E+00 -1.321645495107590E+00
 -1.371111856004190E+01  6.221507886670874E+00 -1.353068901721282E+00
 -1.494974982309330E+01  5.867485250594388E+00 -1.376990814315391E+00
 -1.606391102972501E+01  5.245380220001675E+00 -1.382985205878233E+00
 -1.702389801328079E+01  4.431535003682640E+00 -1.382503666576084E+00
 -1.785113265089395E+01  3.493929133476903E+00 -1.389219886179857E+00
 -1.855558062921421E+01  2.451865109934039E+00 -1.408310776812964E+00
 -1.906555370373998E+01  1.295121304886550E+00 -1.429405038899701E+00
 -1.924879131348038E+01  5.145126226349513E-02 -1.433385483924257E+00
 -1.905506652750285E+01 -1.190387370984214E+00 -1.414138355607997E+00
 -1.857979175905277E+01 -2.355845496914412E+00 -1.386857026608250E+00
 -1.795907124106619E+01 -3.443554675842442E+00 -1.373420156132465E+00
 -1.723408669852569E+01 -4.478550199909041E+00 -1.381780608060304E+00
 -1.632212935727557E+01 -5.401259809248165E+00 -1.393807073969131E+00
 -1.516272033886898E+01 -6.062001483461808E+00 -1.381822841167911E+00
 -1.385692110660396E+01 -6.410775699919181E+00 -1.346996518125815E+00
 -1.254290062512286E+01 -6.563959016690118E+00 -1.317645950938167E+00
 -1.125122384595288E+01 -6.604499281174865E+00 -1.308293777203062E+00
 -9.970508130652918E+00 -6.514522946332885E+00 -1.313950047891814E+00
 -8.701591795498029E+00 -6.285382262676650E+00 -1.332979500449380E+00
 -7.477393566378096E+00 -5.866621606801284E+00 -1.355172631919577E+00
 -6.447137066630720E+00 -5.138402552679457E+00 -1.347987283549643E+00
 -5.710504534514701E+00 -4.171143879598973E+00 -1.310858852530780E+00
 -5.055566459977403E+00 -3.208516298532476E+00 -1.302806524082174E+00
 -4.266340282287794E+00 -2.281271839943943E+00 -1.359567857499440E+00
 -3.789191525334933E+00 -2.978078431877992E-03 -2.121332103328520E+00
 -3.915225304993125E+00  1.306498531911780E+00 -2.130820781263503E+00
 -4.346170699746310E+00  2.562667529542873E+00 -2.132214376799226E+00
 -5.192549791670671E+00  3.626457933103239E+00 -2.080025455894816E+00
 -6.297359161475890E+00  4.433485162410242E+00 -1.998726755950356E+00
 -7.398203472634888E+00  5.149848716704925E+00 -1.974028846744124E+00
 -8.569354967509996E+00  5.756148574697876E+00 -1.983869083048460E+00
 -9.887111865481202E+00  6.009557371882399E+00 -1.947764103643947E+00
 -1.121126351926996E+01  5.953302769011257E+00 -1.887915577895230E+00
 -1.248922980444319E+01  5.807602138143777E+00 -1.871871262566576E+00
 -1.375912237652245E+01  5.564451109887757E+00 -1.896559588997230E+00
 -1.497551219077805E+01  5.101504577964254E+00 -1.923088930587881E+00
 -1.605741602953404E+01  4.395438368939367E+00 -1.937658682551939E+00
 -1.696490220408849E+01  3.496594875113318E+00 -1.948493351494924E+00
 -1.769854596169420E+01  2.457865279856006E+00 -1.969087127660416E+00
 -1.824070369715363E+01  1.301046571292701E+00 -2.001742027620955E+00
 -1.849496061174541E+01  4.611755858115550E-02 -2.026540340811394E+00
 -1.838726670712188E+01 -1.234616403730558E+00 -2.028642237401644E+00
 -1.799967695652637E+01 -2.475733429828963E+00 -2.030942352825385E+00
 -1.745655423503868E+01 -3.693776620620846E+00 -2.070230820641455E+00
 -1.669998939113948E+01 -4.867404153874388E+00 -2.133768084219532E+00
 -1.556251157896099E+01 -5.771813082153209E+00 -2.146984039923870E+00
 -1.412055903349219E+01 -6.201215048885799E+00 -2.074993239350261E+00
 -1.265059219267867E+01 -6.300181950644086E+00 -1.987103558288715E+00
 -1.125222673978608E+01 -6.314799780995196E+00 -1.955848386199562E+00
 -9.860597466046928E+00 -6.279012823613749E+00 -1.986064498699626E+00
 -8.451002921291929E+00 -6.072794949274098E+00 -2.043335219995865E+00
 -7.150542927576323E+00 -5.513484369012764E+00 -2.066825619693091E+00
 -6.178896734864441E+00 -4.555688635185219E+00 -2.014962722615757E+00
 -5.474461485472806E+00 -3.465626611726094E+00 -1.958041532644512E+00
 -4.745311115694748E+00 -2.420255275674196E+00 -1.990959643869093E+00
 -4.065326330030826E+00 -1.285600503802371E+00 -2.077486241034846E+00
 -4.492547225573151E+00 -3.384641775066130E-03 -2.692087512509767E+00
 -4.637272301550620E+00  1.351167694442627E+00 -2.706141623812331E+00
 -5.145627037949549E+00  2.633649264669444E+00 -2.705219747826487E+00
 -6.088039671047991E+00  3.686450645597501E+00 -2.635588055893570E+00
 -7.242086786203720E+00  4.493807490227113E+00 -2.561650833147153E+00
 -8.468716761571361E+00  5.144932552315740E+00 -2.543100544640895E+00
 -9.824804596154600E+00  5.495838651304157E+00 -2.506814489549831E+00
 -1.121447259343472E+01  5.486798660072380E+00 -2.434621490249532E+00
 -1.254716879339039E+01  5.277702393471888E+00 -2.395100904392653E+00
 -1.382443750469131E+01  4.903388433287211E+00 -2.399136663620625E+00
 -1.500307112462087E+01  4.304221033810444E+00 -2.415992137419597E+00
 -1.601704450134903E+01  3.478282766387493E+00 -2.434183410900606E+00
 -1.683823515001316E+01  2.471712623640057E+00 -2.464939926080306E+00
 -1.745831854373331E+01  1.320095650389819E+00 -2.520379309387330E+00
 -1.777087439932025E+01  4.111215149224739E-02 -2.571681249370514E+00
 -1.764621233188611E+01 -1.275900712761867E+00 -2.579873660445304E+00
 -1.719096019413567E+01 -2.539561645733095E+00 -2.586919557828243E+00
 -1.657529482962796E+01 -3.788467247740873E+00 -2.666920526361076E+00
 -1.567169753132325E+01 -4.956990953046848E+00 -2.772629426423540E+00
 -1.432459955647793E+01 -5.712505047764748E+00 -2.768584080427310E+00
 -1.276790084226317E+01 -5.949026884530348E+00 -2.664557469749352E+00
 -1.125297049778004E+01 -5.950013589242373E+00 -2.600212519022393E+00
 -9.758245837415787E+00 -5.879469108485413E+00 -2.638378366827539E+00
 -8.250497210411588E+00 -5.601150472167761E+00 -2.723801509085527E+00
 -6.922944278130332E+00 -4.878992000284923E+00 -2.739826576083565E+00
 -5.983773332588446E+00 -3.775308434958311E+00 -2.665420331722647E+00
 -5.281803419585882E+00 -2.583789626676484E+00 -2.627730717426024E+00
 -4.716787061769922E+00 -1.342129148122742E+00 -2.664423066602354E+00
 -5.226562238244477E+00 -3.516109129925064E-03 -3.226571116878926E+00
 -5.359341780462189E+00  1.412649903478214E+00 -3.270041551521566E+00
 -5.961280662987862E+00  2.734532133051794E+00 -3.275081528835539E+00
 -7.064367152439793E+00  3.745328411646596E+00 -3.170748378569129E+00
 -8.374078320068259E+00  4.444007561726492E+00 -3.069605522341322E+00
 -9.771321007879912E+00  4.872853193289323E+00 -3.013670011104356E+00
 -1.121779807244048E+01  4.966390904118489E+00 -2.960677149423937E+00
 -1.262717882176857E+01  4.754517282958355E+00 -2.925949417956423E+00
 -1.393905908838966E+01  4.265598233784594E+00 -2.916959759719953E+00
 -1.509906782404083E+01  3.519607060492134E+00 -2.933331483444164E+00
 -1.608466616582484E+01  2.558326714444240E+00 -2.993903304389756E+00
 -1.685225767086072E+01  1.391431673940810E+00 -3.097732440104433E+00
 -1.717586579764051E+01  3.635363007343517E-02 -3.154425147780460E+00
 -1.684736380995785E+01 -1.316905012105023E+00 -3.077189875275876E+00
 -1.615378116867250E+01 -2.518248088801164E+00 -3.001513321225855E+00
 -1.539166911013961E+01 -3.699662718145458E+00 -3.099637855385478E+00
 -1.433787890211949E+01 -4.785582117528905E+00 -3.263678611884012E+00
 -1.285925620639622E+01 -5.373546644876551E+00 -3.282446489465779E+00
 -1.125316291611112E+01 -5.446549891561837E+00 -3.214716492665385E+00
 -9.675820736655929E+00 -5.285524184967143E+00 -3.232424407653169E+00
 -8.120910009567430E+00 -4.874954530104438E+00 -3.328963543318625E+00
 -6.803664009564512E+00 -3.999684390424332E+00 -3.350421861861404E+00
 -5.931174888587757E+00 -2.762424488395435E+00 -3.278622488203623E+00
 -5.420024350436751E+00 -1.406412077502103E+00 -3.228055504022285E+00
 -6.002373822299209E+00 -3.390997114534245E-03 -3.736343035821576E+00
 -6.152825989592124E+00  1.482072579497863E+00 -3.818253294475612E+00
 -6.941703277219400E+00  2.802029373991340E+00 -3.791700246169655E+00
 -8.266054380323848E+00  3.669123285796312E+00 -3.603996066203447E+00
 -9.724643794055423E+00  4.158031905834407E+00 -3.469524131541892E+00
 -1.122131988340965E+01  4.345379648308502E+00 -3.441298768777250E+00
 -1.271699162969933E+01  4.161445083807063E+00 -3.454987056377776E+00
 -1.409858038248393E+01  3.585663055292386E+00 -3.485275305644273E+00
 -1.530770811483530E+01  2.696412704485654E+00 -3.585854997679689E+00
 -1.626741887440280E+01  1.503124294122896E+00 -3.755129946863860E+00
 -1.656547820608360E+01  3.138101450800269E-02 -3.771256489685839E+00
 -1.595002945913741E+01 -1.346646077122157E+00 -3.499575168479013E+00
 -1.504303571643777E+01 -2.456045787669337E+00 -3.315993292098061E+00
 -1.414864548287551E+01 -3.568889894152164E+00 -3.482641134411944E+00
 -1.287204206257883E+01 -4.469778639414636E+00 -3.701293660700190E+00
 -1.125224905019854E+01 -4.716282400340758E+00 -3.712977703248515E+00
 -9.624878391551675E+00 -4.497340473831148E+00 -3.724897893075651E+00
 -8.069887991494134E+00 -3.936608262818690E+00 -3.835998023102428E+00
 -6.861108226439602E+00 -2.868824380492568E+00 -3.852085225788587E+00
 -6.222504626472350E+00 -1.470569185231459E+00 -3.759200246894353E+00
 -6.898752863874416E+00 -2.503840433354266E-03 -4.170255545908269E+00
 -7.148405646849632E+00  1.520759993722189E+00 -4.255193828658077E+00
 -8.195835039902283E+00  2.731753779709946E+00 -4.131603767215441E+00
 -9.674668514764196E+00  3.378704382774021E+00 -3.905169760838604E+00
 -1.122499114094141E+01  3.634181288370462E+00 -3.872440198683467E+00
 -1.280908845260561E+01  3.458110516359459E+00 -3.975682729186627E+00
 -1.428538958885259E+01  2.773222601525222E+00 -4.145331928960423E+00
 -1.546102517895549E+01  1.600970979144716E+00 -4.378044666651478E+00
 -1.576369855487872E+01  2.609587491738002E-02 -4.321148167583670E+00
 -1.496558085752132E+01 -1.362636776020067E+00 -3.844632692951234E+00
 -1.395554727562793E+01 -2.416817836723889E+00 -3.654674920993979E+00
 -1.281136474116535E+01 -3.377895042857452E+00 -3.892632166883435E+00
 -1.125012662373782E+01 -3.789048206983657E+00 -4.028636826724020E+00
 -9.611522080790561E+00 -3.552351820432648E+00 -4.088732899035691E+00
 -8.139974040711575E+00 -2.795358520944449E+00 -4.205937347085524E+00
 -7.213337119003513E+00 -1.503830513448691E+00 -4.183573271373651E+00
 -7.921735743502453E+00 -6.092666071912493E-04 -4.481235647155838E+00
 -8.339443791750821E+00  1.504729252520362E+00 -4.521037844185710E+00
 -9.627501983115359E+00  2.504136815335292E+00 -4.337624687157547E+00
 -1.122881018912176E+01  2.867190734315378E+00 -4.291205388630376E+00
 -1.290095896628065E+01  2.620149801539897E+00 -4.511022047611092E+00
 -1.432439736483525E+01  1.624647267541273E+00 -4.806499344112248E+00
 -1.474006265433436E+01  2.086236451071711E-02 -4.707008302370299E+00
 -1.391684131322225E+01 -1.368909731473107E+00 -4.148501130394579E+00
 -1.275479833181875E+01 -2.335651627641564E+00 -4.054302460390791E+00
 -1.124747382297809E+01 -2.815220420905704E+00 -4.220546216428229E+00
 -9.632266637932217E+00 -2.511304007878069E+00 -4.345696148200475E+00
 -8.390364317034313E+00 -1.481593333369686E+00 -4.442605776963002E+00
 -9.006582629432936E+00  1.992086702957446E-03 -4.687347703680660E+00
 -9.654335047320835E+00  1.426602524334292E+00 -4.696786845444467E+00
 -1.123284176735863E+01  2.019908060789934E+00 -4.692106985659494E+00
 -1.291252840379284E+01  1.523081445521570E+00 -4.973194088967875E+00
 -1.358850921353234E+01  1.605901960966377E-02 -4.914673883973981E+00
 -1.274246644746268E+01 -1.333843637030079E+00 -4.434012094258839E+00
 -1.124503928261567E+01 -1.893850198484276E+00 -4.426948516731091E+00
 -9.700674304909082E+00 -1.384034620844521E+00 -4.572698493753975E+00
 -1.011076400383081E+01  4.928126930109276E-03 -4.836920464575170E+00
 -1.123686270166146E+01  1.048771224244467E+00 -4.953927571467396E+00
 -1.240500798483407E+01  1.182617794593392E-02 -4.981129389706314E+00
 -1.124285264967859E+01 -9.810823386338979E-01 -4.705617117604169E+00
 -1.124028849895695E+01  8.153377574969315E-03 -4.943601600528595E+00
 -4.862692462917994E+00  3.191462033007621E+00  1.054140098413245E+00
 -4.667201579001935E+00  3.930430550447783E+00 -2.463872021229677E-01
 -4.574243930584260E+00  1.765714886144770E+00  1.506919971905823E+00
 -4.768036046845150E+00  2.631716100205326E+00  1.234709836745928E+00
 -4.572491492035563E+00  1.759283378478873E+00  1.507838371751507E+00
 -4.320754143927354E+00  7.239357536403029E-01  1.624278405483802E+00
 -4.429616111264392E+00  1.166993138557179E+00  1.573281657556808E+00
 -3.617999731344137E+00  1.274796473282315E+00 -1.784233515951166E+00
 -4.035798532638631E+00 -4.884882777245176E-01  1.673569135749716E+00
 -3.920062037022791E+00 -1.208268159691112E+00  1.634540718875350E+00
 -3.959865051842836E+00 -2.307708406988665E+00  1.231212092563591E+00
 -3.711959774196129E+00 -2.766102372194615E-03 -2.023715168618481E+00
 -4.124354614803535E+00 -2.117034412199661E+00 -1.290174687626668E+00
 -4.073259501517216E+00 -2.626253226820535E+00  6.634830099499497E-01
 -4.135083651460357E+00 -2.602541319530752E+00 -2.129968121381572E-02
 -4.131512653948366E+00 -2.598473052404022E+00  9.819485072493046E-03
 -4.144955192147043E+00 -2.419419811225794E+00 -6.933973693965592E-01
 -4.148406869460079E+00 -2.440042379485831E+00 -6.486295792893092E-01
 -4.135450788543346E+00 -2.597407930850708E+00 -5.365160975017792E-02
 -4.967416538961106E+00  3.702438935234095E+00  6.523035507113805E-01
 -4.967416538961106E+00  3.702438935234095E+00  6.523035507113805E-01
 -4.958094706220519E+00  3.722050188302140E+00  6.136167818044580E-01
 -4.958094706220519E+00  3.722050188302140E+00  6.136167818044580E-01
 -4.869917088110451E+00  3.911182480306052E+00  2.835967380938040E-01
 -4.869917088110451E+00  3.911182480306052E+00  2.835967380938040E-01
 -4.863937457401355E+00  3.922538940120462E+00  2.466416371459439E-01
 -4.863937457401355E+00  3.922538940120462E+00  2.466416371459439E-01
 -4.925295720365567E+00  3.378740304488728E+00  9.491005362425946E-01
 -4.925295720365567E+00  3.378740304488728E+00  9.491005362425946E-01
 -4.862692462917994E+00  3.191462033007621E+00  1.054140098413245E+00
 -4.803699292238598E+00  4.003619685970651E+00 -5.082634537352231E-02
 -4.803699292238598E+00  4.003619685970651E+00 -5.082634537352231E-02
 -4.667201579001935E+00  3.930430550447783E+00 -2.463872021229677E-01
 -4.629725554407055E+00  3.905419120791478E+00 -3.021579200322039E-01
 -4.629725554407055E+00  3.905419120791478E+00 -3.021579200322039E-01
 -4.243300617980707E+00  3.625839742525991E+00 -7.631723401695540E-01
 -4.243300617980707E+00  3.625839742525991E+00 -7.631723401695540E-01
 -4.301449524087638E+00  3.671599132845621E+00 -7.132007853293966E-01
 -4.301449524087638E+00  3.671599132845621E+00 -7.132007853293966E-01
 -4.054856763097207E+00  3.394287846397759E+00 -9.495988289903947E-01
 -4.054856763097207E+00  3.394287846397759E+00 -9.495988289903947E-01
 -3.942540258984883E+00  3.128407760678416E+00 -1.098310430605267E+00
 -3.942540258984883E+00  3.128407760678416E+00 -1.098310430605267E+00
 -4.726385196897242E+00  2.441045617537835E+00  1.309790048652680E+00
 -4.726385196897242E+00  2.441045617537835E+00  1.309790048652680E+00
 -4.672826898408520E+00  2.226681283788922E+00  1.377965037595674E+00
 -4.672826898408520E+00  2.226681283788922E+00  1.377965037595674E+00
 -4.574243930584260E+00  1.765714886144770E+00  1.506919971905823E+00
 -4.768036046845150E+00  2.631716100205326E+00  1.234709836745928E+00
 -3.781769039954250E+00  2.756984576590853E+00 -1.297152351539113E+00
 -3.781769039954250E+00  2.756984576590853E+00 -1.297152351539113E+00
 -3.721383975685749E+00  2.616673943110785E+00 -1.373071354085980E+00
 -3.721383975685749E+00  2.616673943110785E+00 -1.373071354085980E+00
 -3.663476557633229E+00  2.459819561278292E+00 -1.451843793101391E+00
 -3.663476557633229E+00  2.459819561278292E+00 -1.451843793101391E+00
 -3.645424697537657E+00  2.349162234945862E+00 -1.492931775943677E+00
 -3.645424697537657E+00  2.349162234945862E+00 -1.492931775943677E+00
 -3.632534831031005E+00  1.655152120473595E+00 -1.686887049596218E+00
 -3.632534831031005E+00  1.655152120473595E+00 -1.686887049596218E+00
 -4.572491492035563E+00  1.759283378478873E+00  1.507838371751507E+00
 -4.320754143927354E+00  7.239357536403029E-01  1.624278405483802E+00
 -4.429616111264392E+00  1.166993138557179E+00  1.573281657556808E+00
 -4.252436321926396E+00  4.553918482275187E-01  1.648422542674744E+00
 -4.252436321926396E+00  4.553918482275187E-01  1.648422542674744E+00
 -4.133400765567441E+00  1.644300334309100E-02  1.696729577751849E+00
 -4.133400765567441E+00  1.644300334309100E-02  1.696729577751849E+00
 -3.617999731344137E+00  1.274796473282315E+00 -1.784233515951166E+00
 -3.652118933321988E+00  7.830598767438826E-01 -1.876566257339007E+00
 -3.652118933321988E+00  7.830598767438826E-01 -1.876566257339007E+00
 -3.687129505122393E+00  2.934693357710019E-01 -1.969719546927141E+00
 -3.687129505122393E+00  2.934693357710019E-01 -1.969719546927141E+00
 -4.043099281958734E+00 -4.488831205596558E-01  1.674475179518871E+00
 -4.043099281958734E+00 -4.488831205596558E-01  1.674475179518871E+00
 -4.035798532638631E+00 -4.884882777245176E-01  1.673569135749716E+00
 -3.920062037022791E+00 -1.208268159691112E+00  1.634540718875350E+00
 -3.934171760963789E+00 -1.644937320056363E+00  1.498495102370386E+00
 -3.934171760963789E+00 -1.644937320056363E+00  1.498495102370386E+00
 -3.937981466458129E+00 -2.035873778454027E+00  1.356183438327910E+00
 -3.937981466458129E+00 -2.035873778454027E+00  1.356183438327910E+00
 -3.959865051842836E+00 -2.307708406988665E+00  1.231212092563591E+00
 -3.959944531156419E+00 -2.315736531277699E+00  1.224685590710489E+00
 -3.959944531156419E+00 -2.315736531277699E+00  1.224685590710489E+00
 -3.711959774196129E+00 -2.766102372194615E-03 -2.023715168618481E+00
 -3.748017543916677E+00 -2.176636378925349E-01 -2.000149945193611E+00
 -3.748017543916677E+00 -2.176636378925349E-01 -2.000149945193611E+00
 -3.878080437982552E+00 -1.026349071159086E+00 -1.915138661350236E+00
 -3.878080437982552E+00 -1.026349071159086E+00 -1.915138661350236E+00
 -3.904028019493171E+00 -1.264488350092592E+00 -1.874011944865936E+00
 -3.904028019493171E+00 -1.264488350092592E+00 -1.874011944865936E+00
 -4.056193454530931E+00 -1.702039421153459E+00 -1.647413334938034E+00
 -4.056193454530931E+00 -1.702039421153459E+00 -1.647413334938034E+00
 -4.123363245494021E+00 -2.224559524107466E+00 -1.098879853987319E+00
 -4.123363245494021E+00 -2.224559524107466E+00 -1.098879853987319E+00
 -4.124354614803535E+00 -2.117034412199661E+00 -1.290174687626668E+00
 -4.101119968090105E+00 -2.034183117745104E+00 -1.377105855491286E+00
 -4.101119968090105E+00 -2.034183117745104E+00 -1.377105855491286E+00
 -4.048023810608896E+00 -2.560476689197825E+00  7.695514265156184E-01
 -4.048023810608896E+00 -2.560476689197825E+00  7.695514265156184E-01
 -4.073259501517216E+00 -2.626253226820535E+00  6.634830099499497E-01
 -4.135083651460357E+00 -2.602541319530752E+00 -2.129968121381572E-02
 -4.131512653948366E+00 -2.598473052404022E+00  9.819485072493046E-03
 -4.092302465434804E+00 -2.645120383447078E+00  6.054623268269209E-01
 -4.092302465434804E+00 -2.645120383447078E+00  6.054623268269209E-01
 -4.123363534407035E+00 -2.595388985019560E+00  2.272153804892860E-01
 -4.123363534407035E+00 -2.595388985019560E+00  2.272153804892860E-01
 -4.144955192147043E+00 -2.419419811225794E+00 -6.933973693965592E-01
 -4.148406869460079E+00 -2.440042379485831E+00 -6.486295792893092E-01
 -4.133421911593413E+00 -2.550236838358255E+00 -3.046762296769701E-01
 -4.133421911593413E+00 -2.550236838358255E+00 -3.046762296769701E-01
 -4.135450788543346E+00 -2.597407930850708E+00 -5.365160975017792E-02
 -4.128034431055777E+00 -2.289563886284686E+00 -9.565997081433523E-01
 -4.128034431055777E+00 -2.289563886284686E+00 -9.565997081433523E-01
